0.0000
0.0000
0.0000
0.0000
0.0000
0.0000
0.0000
0.0000
0.0000
0.0000
0.0000
0.0000
0.0000
0.0000
0.0000
0.0000
0.0000
0.0000
0.0000
0.0000
0.0000
0.0000
0.7199
0.0000
0.0000
0.0000
0.0000
0.0000
0.0000
0.0000
0.0000
0.0000
0.0000
0.0000
0.0000
0.0000
0.0000
0.5448
0.8908
0.8919
0.8472
0.7781
0.6735
0.6887
0.6955
0.7564
0.7241
0.6768
0.6169
0.0000
0.0000
0.0000
0.9319
0.9245
0.9262
0.9161
0.9095
0.9093
0.9243
0.9565
0.9548
0.9526
0.9504
0.9471
0.9455
0.9540
0.9686
0.9656
0.9633
0.9612
0.9589
0.9561
0.9682
0.9687
0.9670
0.9659
0.9767
0.9749
0.9737
0.9729
0.9780
0.9798
0.9785
0.9776
0.9768
0.9812
0.9801
0.9793
0.9842
0.9833
0.9826
0.9856
0.9847
0.9887
0.9881
0.9872
0.9864
0.9860
0.9855
0.9852
0.9849
0.9846
0.9843
0.9842
0.9875
0.9885
0.9916
0.9911
0.9904
0.9911
0.9921
0.9938
0.9939
0.9935
0.9931
0.9929
0.9932
0.9929
0.9927
0.9925
0.9923
0.9921
0.9919
0.9918
0.9942
0.9950
0.9947
0.9954
0.9969
0.9976
0.9976
0.9974
0.9971
0.9970
0.9968
0.9967
0.9965
0.9964
0.9963
0.9962
0.9966
0.9964
0.9963
0.9962
0.9962
0.9961
0.9960
0.9959
0.9958
0.9958
0.9961
0.9961
0.9960
0.9960
0.9963
0.9962
0.9962
0.9961
0.9960
0.9961
0.9961
0.9960
0.9960
0.9959
0.9958
0.9958
0.9957
0.9957
0.9957
0.9957
0.9957
0.9956
0.9955
0.9956
0.9959
0.9958
0.9957
0.9957
0.9955
0.9954
0.9955
0.9954
0.9953
0.9951
0.9951
0.9953
0.9955
0.9955
0.9954
0.9955
0.9954
0.9953
0.9953
0.9954
0.9958
0.9956
0.9955
0.9956
0.9956
0.9956
0.9954
0.9951
0.9948
0.9945
0.9942
0.9937
0.9931
0.9926
0.9918
0.9911
0.9903
0.9892
0.9880
0.9865
0.9848
0.9824
0.9799
0.9764
0.9720
0.9663
0.9594
0.9506
0.9406
0.9287
0.9247
0.9103
0.8912
0.8719
0.8534
0.8320
0.8159
0.7939
0.7686
0.7481
0.7199
0.6923
0.6615
0.6370
0.6135
0.5829
0.5531
0.0000
0.6547
0.0000
0.0000
0.0000
0.0000
0.0000
0.0000
0.0000
0.0000
0.0000
0.0000
0.0000
0.0000
0.0000
0.0000
0.0000
0.0000
0.0000
0.0000
0.0000
0.0000
0.0000
0.0000
0.0000
0.0000
0.0000
0.0000
0.0000
0.0000
0.0000
0.0000
0.0000
0.0000
0.0000
0.0000
0.0000
0.0000
0.0000
0.0000
0.0000
0.0000
0.0000
0.0000
0.0000
0.0000
0.0000
0.0000
0.0000
0.0000
0.0000
0.0000
0.0000
0.0000
0.0000
0.0000
0.0000
0.0000
0.0000
0.0000
0.0000
0.0000
0.0000
0.0000
0.0000
0.0000
0.0000
0.0000
0.0000
0.0000
0.0000
0.0000
0.0000
0.0000
0.0000
0.0000
0.0000
0.0000
0.0000
0.0000
0.0000
0.0000
0.0000
0.0000
0.0000
0.0000
0.0000
0.0000
0.0000
0.0000
0.0000
0.0000
0.0000
0.0000
0.0000
0.0000
0.0000
0.0000
0.0000
0.0000
0.0000
0.0000
0.0000
0.0000
0.0000
0.0000
0.0000
0.0000
0.0000
0.0000
